0.234577
3.63594
5.66112
6.75581
7.30315
7.60028
13.0112
13.1832
13.668
18.9851
19.2978
21.9955
24.6305
29.1813
29.4003
31.4724
36.1326
38.2516
42.9744
44.984
47.6816
49.7381
52.076
56.7363
59.3557
66.479
76.2218
86.0427
93.5882
101.087
115.881
140.511
155.18
179.717
196.849
214.028
236.054
253.186
280.17
309.586
329.181
351.255
370.881
400.344
419.939
449.402
473.939
503.448
535.39
564.868
591.931
618.977
641.098
677.997
712.448
739.511
776.441
798.577
820.729
852.733
877.332
906.889
933.982
953.655
980.733
997.99