71.4286
357.143
223.81
557.143
723.81
814.286
961.905
1014.29
1161.9
1280.95
1376.19
1447.62
1500
1385.71
1452.38
1333.33
1252.38
1147.62
1085.71
947.619
1019.05
895.238
857.143
776.19
823.81
742.857
709.524
700
747.619
780.952
785.714
785.714
752.381
723.81
690.476
671.429
628.571
595.238
561.905
519.048
485.714
457.143
433.333
404.762
371.429
342.857
314.286
300
276.19
252.381
242.857
228.571
214.286
200
190.476
180.952
176.19
166.667
161.905
157.143
147.619
147.619
147.619
138.095
133.333
138.095